nan
nan
nan
nan
nan
nan
nan
nan
nan
nan
2.101400040862006691e+01
2.286275870239363783e+01
2.298814883444444135e+01
2.558572582936377415e+01
2.706222887738240956e+01
2.896453681611194853e+01
3.055770310572935955e+01
3.162908152684151375e+01
3.183290283766611140e+01
3.339033020794967399e+01
3.388549502476676167e+01
3.526040170555870645e+01
3.524967306096657182e+01
3.724078841989501854e+01
3.813613192905862093e+01
3.725754464171627944e+01
3.884996147503949970e+01
3.842854083142157151e+01
3.735209730980285059e+01
3.669313659363358937e+01
3.702911272221442829e+01
3.755566808929679468e+01
3.723650899548049154e+01
3.849387602443684386e+01
3.816395370985559055e+01
3.991815156234851969e+01
4.032247591488277294e+01
3.835153015352899075e+01
3.856734361023895019e+01
3.990696345576848358e+01
3.767426413126145235e+01
3.903438817884790524e+01
3.968061488202047116e+01
4.117341231093575260e+01
4.163546273463558123e+01
nan
nan
4.100624313911093566e+01
4.120122011139542906e+01
4.042650104327061911e+01
4.049312221894683006e+01
4.195517781852695549e+01
4.162048880591688516e+01
4.206304272936891664e+01
4.181011502971630733e+01
4.187029468037984969e+01
4.134135589082534068e+01
4.340336190410332051e+01
4.131262307289303948e+01
4.121176077108737701e+01
4.024101319150014433e+01
4.165366035895024055e+01
3.953196352132252400e+01
4.091571620722456970e+01
4.228838896013770920e+01
4.159589448377755616e+01
4.013569698843637212e+01
4.174861827360873434e+01
4.065307545360033004e+01
4.258275969127706162e+01
4.222361531857630013e+01
4.108747781240371211e+01
4.259949203087576564e+01
4.337874550629210546e+01
4.384698586201164261e+01
4.522964604276388911e+01
4.625713262150352989e+01
4.518783765756406723e+01
4.720765325502412679e+01
4.482483497611938361e+01
4.528840336294173596e+01
4.788832096406324013e+01
4.711828001760466833e+01
4.741576206576732488e+01
4.786594015758483067e+01
4.733652975725144074e+01
4.873337410588321461e+01
4.950768057131416100e+01
4.846071891748417215e+01
5.467119590831294573e+01
4.766733824309807233e+01
4.775730630795946041e+01
4.781978364033595597e+01
4.882013661432305440e+01
4.939158963930909607e+01
4.822804294018874316e+01
4.811561288233396994e+01
5.083217376083653960e+01
5.003465185596441955e+01
5.094194964107691703e+01
5.108175670270475166e+01
4.982842261930759520e+01
4.964388141525213882e+01
5.092712031944626716e+01
5.025631798988483467e+01
5.037561983630006779e+01
5.220473566614678163e+01
5.231069188852049479e+01
5.156464853952548566e+01
5.211082321736516576e+01
4.980973372030183555e+01
5.158876803065133743e+01
5.315633478279032431e+01
5.820813645577581497e+01
5.536540688668794985e+01
5.440593301209452193e+01
5.425028030535160894e+01
5.448926810293596645e+01
5.533373616829665309e+01
5.441059802592231875e+01
5.545035147511745777e+01
5.745758404381047768e+01
5.403803849335801601e+01
5.482891804273536707e+01
5.668140367931601986e+01
nan
nan
nan
nan
nan
nan
nan
nan
nan
nan
nan
nan
nan
nan
nan
nan
nan
5.615353130463648057e+01
5.563448387886695201e+01
5.605732593617488391e+01
5.592352620202558455e+01
5.572518865005174860e+01
5.687225951164889892e+01
5.515222624297792464e+01
5.803414445273103439e+01
5.547977991280907872e+01
5.270775524444004390e+01
5.374509613833389210e+01
5.370579725936084259e+01
5.209147289920578316e+01
5.337241308977429810e+01
5.456528320538016175e+01
5.210324087400372406e+01
5.343833012384367720e+01
5.374460271421943958e+01
5.255192538006063074e+01
5.286099402381818635e+01
5.187980724162623858e+01
5.146095599903707551e+01
4.878500642717838787e+01
5.478453347699487352e+01
5.289629447937389983e+01
5.302390507346542847e+01
5.405212875498018832e+01
5.255988224141398035e+01
5.157536576690290531e+01
5.626587913747587777e+01
5.293299891312852878e+01
5.294806314455741614e+01
5.218553478248909983e+01
5.309375414825770179e+01
5.368615623537051107e+01
5.248780801322013900e+01
5.796056041592264307e+01
5.696602216340950520e+01
5.381431777745225276e+01
5.671652109924026064e+01
5.957658216665669926e+01
5.845900469644262643e+01
5.900888312907637356e+01
5.512329667148202361e+01
5.566716095707502632e+01
5.909572392777469929e+01
5.780931369464764202e+01
5.929458533983672197e+01
5.936306024347291554e+01
6.169131203824289855e+01
6.013479610940437681e+01
5.875214451354204215e+01
6.104382810385837388e+01
6.008963799895693114e+01
5.964089627643144809e+01
6.156661866933259830e+01
nan
nan
nan
nan
nan
nan
5.711203612412518993e+01
5.850028806210012533e+01
6.065968476960908617e+01
5.954914420163456867e+01
6.038418062440636191e+01
5.901308311118884120e+01
5.801998148046523340e+01
6.082248149335435983e+01
6.157304471292532355e+01
5.952549715371658579e+01
6.047552630326649847e+01
5.913703012067864506e+01
6.024772131736294511e+01
5.980623659179815377e+01
5.844387030062324584e+01
5.739081257540922110e+01
5.707667515231248956e+01
5.381016678547439369e+01
5.322481675768422349e+01
5.055631754425602509e+01
4.759725434721125481e+01
4.333002963833435217e+01
3.916898982422950581e+01
3.703729783661390940e+01
3.346802471216592778e+01
3.099708124767748885e+01
2.827619089389602891e+01
2.615735834641565916e+01
2.391795947171095094e+01
2.163919488618840603e+01
2.107664118494581373e+01
1.962927284075017198e+01
1.917395268228530369e+01
1.888367461196214947e+01
1.819635319792880068e+01
1.725893095515653997e+01
1.750569049560304080e+01
1.727758352500180905e+01
1.730957886398881485e+01
1.727036347026541563e+01
1.625440165171765372e+01
1.661414751231361109e+01
nan
nan
nan
nan
nan
nan
nan
nan
nan
nan
